0
0
-5
-9
-12
-14
-15
-16
-17
-18
-18
-18
-18
-18
-18
-18
-18
-18
-18
-18
-18
-18
-18
-18
-18
-18
-18
-18
-17
-16
-15
-14
-13
-12
-11
-11
-11
-11
-11
-11
-11
-11
-11
-11
-12
-13
-13
-13
-14
-14
-15
-16
-17
-17
-17
-17
-17
-18
-18
-18
-18
-18
-18
-18
-18
-18
-18
-18
-19
-19
-19
-19
-19
-19
-19
-20
-20
-20
-20
-18
-14
-8
0
10
21
29
32
30
25
18
11
6
1
-3
-6
-9
-11
-12
-14
-15
-16
-17
-18
-19
-20
-21
-21
-21
-21
-21
-22
-22
-22
-22
-22
-22
-22
-22
-22
-22
-22
-22
-22
-22
-22
-22
-22
-22
-22
-22
-22
-22
-22
-22
-22
-22
-22
-22
-22
-22
-22
-22
-22
-22
-22
-22
-22
-22
-22
-22
-22
-22
-22
-21
-21
-21
-20
-20
-20
-20
-19
-19
-19
-19
-19
-18
-17
-17
-17
-16
-15
-14
-14
-13
-13
-12
-12
-11
-11
-10
-10
-9
-9
-9
-9
-8
-8
-8
-8
-8
-8
-8
-8
-8
-8
-9
-9
-9
-10
-11
-12
-12
-13
-13
-14
-14
-15
-15
-15
-16
-16
-17
-17
-17
-17
-17
-17
-17
-18
-18
-19
-19
-19
-19
-19
-19
-19
-19
-19
-19
-19
-19
-19
-19
-19
-19
-19
-19
-19
-19
-19
-19
-19
-19
-19
-19
-19
-19
-19
-19
-19
-19
-19
-18
-18
-18
-18
-18
-18
-18
-18
-18
-18
-18
-18
-18
-18
-18
-18
-18
-18
-18
-18
-18
-18
-18
-18
-18
-18
-18
-18
-18
-18
-18
-18
-18
-18
-18
-18
-18
-18
-18
-18
-18
-18
-18
-18
-18
-18
-18
-18
-18
-18
-18
-18
-18
-18
-18
-18
-18
-18
-18
-18
-18
-18
-18
-18
-18
-18
-18
-18
-18
-18
-18
-18
-18
-18
-18
-18
-18
-18
-18
-18
-18
-17
-17
-17
-17
-17
-17
-17
-16
-15
-14
-14
-13
-12
-11
-11
-11
-11
-11
-11
-11
-11
-11
-12
-13
-13
-13
-13
-13
-14
-14
-15
-15
-16
-16
-17
-17
-17
-17
-17
-17
-18
-18
-18
-18
-18
-18
-18
-18
-18
-18
-18
-18
-18
-18
-18
-18
-18
-19
-18
-15
-10
-3
6
16
25
30
30
27
21
15
9
4
0
-3
-6
-8
-10
-12
-14
-16
-17
-18
-19
-20
-20
-20
-20
-20
-21
-21
-21
-21
-21
-21
-21
-21
-21
-21
-21
-21
-22
-22
-22
-22
-22
-22
-22
-22
-22
-22
-22
-22
-22
-22
-22
-22
-22
-22
-22
-22
-22
-22
-22
-22
-22
-22
-22
-21
-21
-21
-21
-21
-21
-20
-20
-20
-20
-20
-19
-19
-19
-19
-19
-19
-18
-17
-16
-15
-15
-15
-15
-14
-14
-14
-14
-13
-12
-12
-11
-10
-10
-10
-9
-9
-9
-9
-9
-9
-9
-9
-9
-9
-9
-9
-9
-9
-9
-9
-10
-10
-10
-10
-10
-11
-12
-12
-12
-12
-12
-13
-14
-14
-14
-14
-14
-15
-16
-16
-16
-16
-16
-16
-16
-16
-16
-16
-16
-16
-16
-16
-16
-16
-16
-16
-16
-16
-16
-16
-16
-16
-16
-16
-16
-16
-16
-16
-16
-16
-16
-16
-16
-16
-16
-16
-16
-16
-16
-16
-16
-16
-16
-16
-16
-16
-16
-16
-16
-16
-16
-16
-16
-16
-16
-16
-16
-16
-16
-16
-16
-16
-16
-16
-16
-16
-16
-16
-16
-16
-16
-16
-16
-16
-16
-16
-16
-16
-16
-16
-16
-16
-16
-16
-16
-16
-16
-16
-16
-16
-16
-16
-16
-16
-16
-16
-16
-16
-16
-16
-16
-16
-16
-16
-16
-16
-16
-16
-16
-16
-15
-15
-15
-15
-14
-14
-14
-14
-14
-14
-14
-14
-13
-12
-12
-11
-10
-9
-8
-8
-8
-8
-8
-8
-9
-9
-10
-10
-10
-10
-10
-11
-11
-11
-11
-12
-12
-13
-14
-14
-14
-14
-14
-15
-16
-16
-16
-16
-16
-16
-16
-16
-16
-16
-16
-16
-16
-16
-16
-16
-16
-17
-18
-19
-18
-16
-12
-6
2
12
22
31
36
36
33
27
20
14
9
4
0
-3
-6
-8
-10
-12
-14
-15
-16
-17
-18
-19
-20
-20
-20
-20
-20
-20
-20
-20
-20
-20
-20
-20
-20
-20
-20
-20
-20
-20
-21
-21
-21
-21
-21
-21
-21
-21
-21
-21
-21
-21
-21
-21
-21
-21
-21
-21
-21
-21
-21
-21
-21
-21
-21
-21
-21
-21
-21
-21
-21
-21
-21
-20
-20
-20
-20
-20
-19
-19
-18
-18
-18
-18
-17
-16
-15
-15
-15
-15
-14
-13
-12
-12
-12
-12
-11
-10
-10
-10
-10
-10
-10
-9
-9
-9
-9
-9
-9
-9
-9
-9
-9
-9
-9
-9
-10
-11
-11
-12
-13
-13
-14
-14
-15
-16
-16
-16
-16
-16
-17
-17
-17
-17
-17
-17
-18
-18
-18
-18
-18
-18
-19
-19
-19
-19
-19
-19
-19
-19
-19
-19
-19
-19
-19
-19
-19
-19
-19
-19
-19
-19
-19
-19
-19
-19
-19
-19
-19
-19
-19
-19
-19
-19
-19
-19
-19
-19
-19
-19
-19
-19
-19
-19
-19
-19
-19
-19
-19
-19
-19
-19
-19
-19
-19
-19
-19
-19
-19
-19
-19
-19
-19
-19
-19
-19
-19
-19
-19
-19
-19
-19
-19
-19
-19
-19
-19
-19
-19
-19
-19
-19
-19
-19
-19
-19
-19
-19
-19
-19
-19
-19
-20
-20
-20
-20
-20
-20
-20
-20
-20
-20
-20
-20
-20
-20
-20
-20
-20
-20
-20
-20
-20
-20
-20
-20
-20
-19
-19
-19
-19
-19
-19
-19
-18
-17
-16
-15
-15
-15
-14
-14
-14
-14
-14
-14
-14
-14
-14
-14
-15
-16
-16
-16
-17
-17
-18
-19
-19
-19
-20
-20
-20
-20
-20
-20
-21
-21
-21
-22
-22
-22
-22
-22
-22
-22
-22
-22
-22
-22
-22
-23
-23
-24
-24
-24
-22
-17
-11
-3
6
17
26
32
33
30
25
18
11
5
0
-4
-8
-11
-13
-15
-16
-17
-19
-20
-21
-22
-23
-23
-24
-25
-25
-25
-25
-25
-25
-26
-26
-26
-26
-26
-26
-26
-26
-26
-26
-26
-26
-26
-26
-26
-26
-26
-26
-26
-26
-26
-26
-26
-26
-26
-26
-26
-26
-26
-26
-26
-26
-26
-26
-26
-26
-26
-26
-26
-26
-26
-26
-26
-26
-26
-25
-25
-25
-25
-25
-24
-24
-23
-23
-23
-23
-22
-21
-21
-21
-21
-21
-20
-19
-18
-18
-17
-17
-16
-15
-15
-15
-15
-15
-14
-13
-12
-12
-12
-12
-12
-12
-12
-12
-12
-12
-12
-12
-12
-12
-12
-13
-13
-13
-14
-15
-16
-17
-18
-18
-18
-18
-19
-19
-19
-19
-19
-19
-20
-21
-21
-21
-21
-21
-21
-21
-21
-21
-21
-21
-21
-21
-21
-21
-21
-21
-22
-22
-22
-22
-22
-22
-22
-22
-22
-22
-22
-22
-22
-22
-22
-22
-22
-22
-22
-22
-22
-22
-22
-22
-22
-22
-22
-22
-22
-22
-22
-22
-22
-22
-22
-22
-22
-22
-22
-22
-22
-22
-22
-22
-22
-22
-22
-22
-22
-22
-22
-22
-22
-22
-22
-22
-22
-22
-22
-22
-22
-22
-22
-22
-22
-22
-22
-22
-22
-22
-22
-22
-22
-22
-22
-22
-22
-22
-22
-22
-22
-22
-22
-22
-22
-22
-22
-22
-22
-22
-22
-22
-22
-22
-22
-22
-22
-22
-22
-22
-22
-22
-22
-22
-22
-22
-22
-22
-22
-22
-22
-22
-22
-22
-22
-22
-22
-21
-21
-21
-21
-21
-20
-19
-18
-17
-16
-15
-14
-14
-14
-14
-14
-14
-14
-14
-14
-15
-16
-16
-16
-16
-17
-18
-19
-20
-20
-20
-20
-20
-21
-22
-22
-22
-22
-22
-22
-22
-22
-22
-22
-22
-22
-22
-22
-22
-22
-22
-22
-23
-23
-24
-25
-25
-24
-22
-17
-11
-3
7
17
26
32
34
31
25
17
9
3
-2
-6
-10
-13
-15
-17
-18
-19
-20
-21
-22
-23
-24
-25
-26
-26
-26
-26
-26
-26
-26
-26
-27
-27
-27
-27
-27
-27
-27
-27
-27
-27
-27
-27
-27
-27
-27
-27
-27
-27
-27
-27
-27
-27
-27
-27
-27
-27
-26
-26
-26
-26
-26
-26
-26
-26
-26
-26
-26
-26
-25
-25
-25
-25
-25
-25
-24
-24
-24
-24
-24
-23
-22
-22
-22
-22
-22
-22
-21
-21
-21
-21
-20
-19
-18
-18
-17
-17
-17
-16
-15
-15
-15
-15
-15
-14
-13
-13
-13
-13
-13
-12
-12
-12
-12
-12
-12
-12
-11
-11
-11
-11
-11
-11
-11
-12
-12
-13
-14
-14
-14
-15
-16
-16
-16
-16
-16
-16
-16
-17
-17
-17
-17
-17
-18
-18
-19
-19
-19
-19
-19
-19
-19
-19
-19
-19
-19
-19
-19
-19
-19
-19
-19
-19
-19
-19
-19
-19
-19
-19
-19
-19
-19
-19
-19
-19
-19
-19
-19
-19
-19
-19
-19
-19
-19
-19
-19
-19
-19
-19
-19
-19
-19
-19
-19
-19
-19
-19
-19
-19
-19
-19
-19
-19
-19
-19
-19
-19
-19
-19
-19
-19
-19
-19
-19
-19
-19
-19
-19
-19
-19
-19
-19
-19
-19
-19
-19
-19
-19
-19
-19
-19
-19
-19
-19
-19
-19
-19
-19
-19
-19
-19
-19
-19
-19
-19
-19
-19
-19
-19
-19
-19
-19
-19
-19
-19
-19
-18
-18
-18
-18
-18
-18
-18
-18
-18
-18
-18
-18
-18
-18
-18
-18
-18
-18
-18
-18
-18
-18
-17
-17
-17
-17
-17
-17
-16
-15
-14
-13
-12
-11
-10
-9
-9
-9
-9
-10
-10
-10
-10
-11
-11
-11
-12
-12
-12
-13
-13
-14
-15
-16
-16
-17
-17
-18
-18
-18
-18
-18
-19
-19
-19
-19
-19
-19
-20
-20
-20
-20
-20
-20
-20
-20
-20
-20
-21
-22
-22
-22
-21
-18
-13
-7
1
10
20
27
30
29
25
18
11
4
-1
-5
-9
-12
-14
-16
-17
-18
-20
-21
-22
-23
-24
-24
-25
-25
-25
-25
-25
-26
-26
-26
-26
-26
-26
-26
-26
-27
-27
-27
-27
-27
-27
-27
-27
-27
-27
-27
-27
-27
-27
-27
-27
-27
-27
-27
-27
-27
-27
-28
-28
-28
-28
-28
-28
-28
-28
-28
-28
-28
-28
-28
-28
-28
-27
-27
-27
-27
-27
-27
-27
-27
-27
-27
-27
-27
-26
-25
-25
-25
-25
-25
-25
-24
-24
-24
-24
-24
-23
-22
-22
-21
-21
-21
-21
-20
-19
-19
-19
-19
-19
-18
-18
-17
-17
-17
-17
-16
-16
-16
-16
-16
-16
-16
-16
-16
-16
-17
-17
-17
-18
-18
-19
-19
-20
-21
-21
-22
-22
-23
-23
-23
-23
-23
-23
-23
-23
-23
-23
-24
-24
-24
-24
-24
-24
-24
-24
-24
-24
-24
-25
-25
-25
-26
-26
-26
-26
-26
-26
-26
-26
-25
-25
-25
-25
-25
-25
-25
-25
-25
-25
-25
-25
-25
-25
-25
-25
-25
-25
-25
-25
-25
-25
-25
-25
-25
-25
-25
-25
-25
-25
-25
-25
-25
-25
-25
-25
-25
-25
-25
-25
-25
-25
-25
-25
-25
-25
-25
-25
-25
-25
-25
-25
-25
-25
-25
-25
-25
-25
-25
-25
-25
-25
-25
-25
-25
-25
-25
-25
-25
-25
-25
-25
-25
-25
-25
-25
-25
-25
-25
-25
-25
-25
-25
-25
-25
-25
-25
-25
-25
-25
-25
-24
-24
-24
-24
-24
-24
-23
-23
-23
-23
-22
-21
-20
-19
-19
-20
-20
-20
-20
-20
-20
-20
-20
-20
-20
-21
-22
-23
-23
-23
-23
-24
-24
-25
-25
-25
-25
-25
-25
-25
-25
-25
-26
-27
-28
-28
-28
-27
-26
-26
-26
-27
-28
-28
-28
-28
-28
-28
-27
-25
-20
-13
-4
7
18
27
31
29
24
16
8
1
-5
-10
-14
-17
-20
-22
-23
-25
-26
-27
-28
-28
-28
-29
-29
-30
-30
-30
-30
-30
-30
-30
-30
-30
-30
-30
-30
-30
-30
-30
-30
-30
-30
-30
-30
-30
-30
-30
-30
-30
-30
-30
-30
-30
-30
-30
-30
-30
-30
-30
-30
-30
-30
-30
-30
-30
-30
-30
-30
-29
-29
-29
-29
-29
-29
-28
-28
-28
-28
-28
-28
-27
-27
-27
-27
-27
-26
-26
-25
-25
-25
-25
-25
-25
-24
-23
-22
-21
-20
-20
-20
-20
-20
-20
-20
-19
-19
-18
-18
-18
-18
-17
-17
-17
-17
-17
-17
-17
-17
-17
-18
-18
-19
-19
-19
-20
-21
-21
-21
-21
-21
-22
-23
-24
-24
-24
-24
-24
-24
-24
-24
-24
-24
-24
-24
-24
-24
-24
-24
-24
-24
-24
-24
-24
-24
-24
-24
-24
-24
-24
-24
-24
-24
-24
-24
-24
-24
-24
-24
-24
-24
-23
-23
-23
-23
-23
-23
-23
-23
-23
-23
-23
-23
-23
-23
-23
-23
-23
-23
-23
-23
-23
-23
-23
-23
-23
-22
-21
-21
-21
-21
-21
-22
-23
-24
-24
-24
-23
-22
-21
-20
-20
-21
-22
-22
-22
-22
-22
-22
-21
-21
-21
-22
-22
-22
-22
-22
-22
-22
-22
-22
-22
-22
-22
-21
-21
-21
-21
-21
-21
-21
-21
-21
-21
-21
-21
-21
-21
-21
-20
-20
-20
-20
-20
-20
-20
-19
-19
-19
-19
-18
-17
-16
-15
-14
-13
-12
-12
-12
-12
-12
-12
-12
-13
-13
-13
-13
-13
-13
-13
-14
-14
-14
-15
-15
-16
-17
-18
-18
-19
-19
-19
-19
-19
-20
-20
-20
-20
-20
-20
-20
-20
-20
-20
-20
-20
-21
-22
-23
-22
-20
-15
-8
2
15
28
38
43
41
35
27
20
14
9
4
0
-3
-6
-8
-10
-12
-14
-16
-17
-18
-19
-20
-21
-21
-21
-21
-21
-21
-22
-22
-22
-22
-22
-22
-22
-22
-22
-22
-22
-22
-22
-22
-22
-22
-22
-22
-22
-22
-22
-22
-22
-22
-22
-22
-22
-22
-22
-22
-22
-22
-22
-22
-22
-22
-22
-22
-22
-22
-22
-22
-22
-22
-21
-21
-21
-21
-21
-20
-19
-19
-19
-19
-19
-18
-17
-16
-16
-16
-16
-15
-14
-13
-13
-13
-12
-11
-10
-9
-9
-9
-9
-9
-8
-8
-8
-7
-7
-7
-6
-6
-6
-6
-6
-6
-6
-7
-7
-8
-9
-10
-10
-11
-12
-13
-13
-14
-14
-14
-14
-15
-16
-16
-16
-16
-16
-16
-16
-16
-16
-16
-17
-18
-18
-18
-18
-18
-18
-18
-18
-18
-18
-18
-18
-18
-18
-18
-18
-18
-18
-18
-18
-18
-18
-18
-18
-18
-18
-18
-18
-18
-18
-18
-18
-18
-18
-18
-18
-18
-18
-18
-18
-18
-17
-17
-17
-17
-17
-17
-17
-17
-17
-17
-17
-17
-17
-17
-17
-17
-17
-17
-17
-17
-17
-17
-17
-17
-17
-17
-17
-17
-17
-17
-17
-17
-17
-17
-17
-17
-17
-17
-17
-17
-17
-17
-17
-17
-17
-17
-17
-17
-17
-17
-17
-17
-17
-17
-17
-17
-17
-17
-17
-17
-17
-17
-17
-17
-17
-16
-16
-16
-16
-16
-16
-15
-15
-15
-15
-15
-15
-14
-13
-12
-11
-11
-11
-11
-11
-11
-11
-11
-11
-11
-11
-12
-12
-12
-12
-12
-13
-14
-15
-15
-16
-16
-17
-17
-17
-17
-17
-17
-17
-17
-17
-17
-17
-17
-17
-18
-18
-18
-18
-18
-18
-18
-18
-18
-19
-19
-17
-13
-6
4
16
29
38
41
39
33
26
19
13
8
4
0
-3
-5
-7
-9
-11
-12
-13
-14
-15
-16
-16
-16
-17
-19
-21
-22
-23
-24
-24
-24
-24
-24
-24
-24
-24
-24
-24
-24
-24
-24
-24
-24
-24
-24
-24
-24
-23
-23
-23
-23
-23
-23
-23
-23
-23
-23
-23
-23
-23
-23
-23
-23
-23
-23
-23
-23
-23
-23
-23
-23
-23
-23
-23
-23
-23
-23
-23
-23
-23
-23
-23
-22
-22
-21
-21
-21
-20
-19
-19
-19
-19
-19
-19
-18
-17
-16
-15
-14
-14
-13
-12
-12
-12
-12
-12
-12
-12
-11
-11
-11
-11
-11
-11
-11
-11
-11
-11
-11
-11
-12
-13
-14
-15
-16
-16
-17
-18
-18
-18
-18
-19
-19
-19
-19
-19
-19
-19
-19
-19
-20
-20
-20
-20
-20
-21
-21
-21
-21
-21
-21
-21
-21
-21
-21
-21
-21
-21
-21
-21
-21
-21
-21
-21
-21
-21
-21
-21
-21
-21
-21
-21
-21
-21
-21
-21
-21
-21
-21
-21
-20
-20
-20
-20
-20
-20
-20
-20
-20
-20
-20
-20
-20
-20
-20
-20
-20
-20
-20
-20
-20
-20
-20
-20
-20
-20
-20
-20
-20
-20
-20
-20
-20
-20
-20
-20
-20
-19
-19
-19
-18
-17
-16
-16
-17
-18
-19
-20
-21
-21
-21
-21
-21
-20
-19
-18
-18
-19
-20
-20
-20
-20
-20
-20
-20
-20
-20
-20
-20
-20
-19
-19
-19
-19
-19
-19
-18
-17
-16
-15
-14
-14
-14
-14
-14
-14
-14
-14
-14
-14
-14
-14
-14
-15
-15
-16
-16
-17
-18
-19
-19
-19
-19
-19
-19
-19
-19
-19
-19
-19
-19
-20
-20
-20
-20
-20
-20
-20
-20
-20
-20
-21
-22
-22
-22
-19
-14
-6
3
14
26
35
39
37
32
24
16
10
5
1
-3
-6
-9
-11
-13
-15
-17
-18
-19
-20
-21
-22
-23
-24
-24
-24
-24
